기간	자치구	동	세대	인구	인구	인구	인구	인구	인구	인구	인구	인구	세대당인구	65세이상고령자
기간	자치구	동	세대	합계	합계	합계	한국인	한국인	한국인	외국인	외국인	외국인	세대당인구	65세이상고령자
기간	자치구	동	세대	계	남자	여자	계	남자	여자	계	남자	여자	세대당인구	65세이상고령자
2020.3/4	합계	합계	4,405,833	9,953,009	4,840,912	5,112,097	9,699,232	4,719,170	4,980,062	253,777	121,742	132,035	2.2014525	1,552,356
2020.3/4	종로구	소계	74,861	159,842	77,391	82,451	149,952	73,024	76,928	9,890	4,367	5,523	2.0030724	28,396
2020.3/4	종로구	사직동	4,765	9,848	4,447	5,401	9,568	4,284	5,284	280	163	117	2.0079748	1,849
2020.3/4	종로구	삼청동	1,369	2,962	1,428	1,534	2,692	1,296	1,396	270	132	138	1.9663988	682
2020.3/4	종로구	부암동	4,348	10,347	4,935	5,412	10,008	4,760	5,248	339	175	164	2.3017479	1,825
2020.3/4	종로구	평창동	7,518	18,618	8,678	9,940	18,431	8,594	9,837	187	84	103	2.4515829	3,363
2020.3/4	종로구	무악동	3,203	8,655	4,041	4,614	8,610	4,021	4,589	45	20	25	2.6881049	1,464
2020.3/4	종로구	교남동	4,594	10,660	4,952	5,708	10,506	4,876	5,630	154	76	78	2.2868960	1,625
2020.3/4	종로구	가회동	2,070	4,422	2,051	2,371	4,328	1,998	2,330	94	53	41	2.0908213	934
2020.3/4	종로구	종로1.2.3.4가동	5,234	8,418	4,954	3,464	7,206	4,329	2,877	1,212	625	587	1.3767673	2,002
2020.3/4	종로구	종로5·6가동	3,459	5,809	3,160	2,649	5,350	2,904	2,446	459	256	203	1.5466898	1,130
2020.3/4	종로구	이화동	4,433	8,224	3,806	4,418	7,674	3,614	4,060	550	192	358	1.7311076	1,407
2020.3/4	종로구	창신1동	2,981	6,035	3,239	2,796	5,165	2,798	2,367	870	441	429	1.7326401	1,252
2020.3/4	종로구	창신2동	4,150	9,568	4,893	4,675	8,345	4,299	4,046	1,223	594	629	2.0108434	1,785
2020.3/4	종로구	창신3동	2,907	7,124	3,495	3,629	6,939	3,392	3,547	185	103	82	2.3869969	1,231
2020.3/4	종로구	숭인1동	3,015	6,435	3,108	3,327	6,106	2,972	3,134	329	136	193	2.0252073	1,211
2020.3/4	종로구	숭인2동	6,046	10,077	5,052	5,025	9,618	4,889	4,729	459	163	296	1.5908038	1,689
2020.3/4	종로구	청운효자동	5,376	12,708	5,939	6,769	12,479	5,815	6,664	229	124	105	2.3212426	2,235
2020.3/4	종로구	혜화동	9,393	19,932	9,213	10,719	16,927	8,183	8,744	3,005	1,030	1,975	1.8020867	2,712
2020.3/4	중구	소계	63,594	135,321	66,193	69,128	125,800	61,526	64,274	9,521	4,667	4,854	1.9781740	24,265
2020.3/4	중구	소공동	1,141	3,006	1,547	1,459	2,086	1,024	1,062	920	523	397	1.8282209	289
2020.3/4	중구	회현동	3,042	5,803	3,087	2,716	5,182	2,753	2,429	621	334	287	1.7034846	1,545
2020.3/4	중구	명동	1,583	3,649	1,640	2,009	2,956	1,265	1,691	693	375	318	1.8673405	787
2020.3/4	중구	필동	2,392	4,781	2,432	2,349	4,028	2,079	1,949	753	353	400	1.6839465	854
2020.3/4	중구	장충동	2,771	5,502	2,733	2,769	4,692	2,367	2,325	810	366	444	1.6932515	840
2020.3/4	중구	광희동	3,132	6,364	3,328	3,036	5,072	2,669	2,403	1,292	659	633	1.6194125	1,219
2020.3/4	중구	을지로동	1,385	1,990	1,179	811	1,835	1,099	736	155	80	75	1.3249097	518
2020.3/4	중구	신당5동	5,389	10,970	5,317	5,653	10,618	5,170	5,448	352	147	205	1.9703099	1,784
2020.3/4	중구	황학동	6,928	13,644	6,488	7,156	12,649	6,030	6,619	995	458	537	1.8257794	1,988
2020.3/4	중구	중림동	5,869	12,879	6,449	6,430	12,578	6,283	6,295	301	166	135	2.1431249	2,099
2020.3/4	중구	신당동	4,572	9,143	4,512	4,631	7,631	3,824	3,807	1,512	688	824	1.6690726	1,425
2020.3/4	중구	다산동	6,995	14,882	7,195	7,687	14,386	6,987	7,399	496	208	288	2.0566119	2,651
2020.3/4	중구	약수동	7,811	17,473	8,236	9,237	17,250	8,121	9,129	223	115	108	2.2084240	3,750
2020.3/4	중구	청구동	6,404	14,342	6,801	7,541	14,117	6,692	7,425	225	109	116	2.2044035	2,661
2020.3/4	중구	동화동	4,180	10,893	5,249	5,644	10,720	5,163	5,557	173	86	87	2.5645933	1,855
2020.3/4	용산구	소계	112,451	244,953	119,074	125,879	229,786	110,604	119,182	15,167	8,470	6,697	2.0434323	39,995
2020.3/4	용산구	후암동	8,655	18,291	8,924	9,367	17,757	8,645	9,112	534	279	255	2.0516464	3,085
2020.3/4	용산구	용산2가동	5,415	11,428	5,582	5,846	10,111	4,872	5,239	1,317	710	607	1.8672207	2,110
2020.3/4	용산구	남영동	5,440	8,190	4,944	3,246	7,699	4,698	3,001	491	246	245	1.4152574	1,655
2020.3/4	용산구	원효로2동	6,077	14,493	6,802	7,691	14,346	6,741	7,605	147	61	86	2.3607043	2,422
2020.3/4	용산구	효창동	4,367	10,372	4,920	5,452	10,251	4,855	5,396	121	65	56	2.3473781	1,453
2020.3/4	용산구	용문동	5,412	12,448	5,922	6,526	12,314	5,862	6,452	134	60	74	2.2753141	2,095
2020.3/4	용산구	이촌1동	10,350	29,144	13,665	15,479	28,300	13,219	15,081	844	446	398	2.7342995	4,541
2020.3/4	용산구	이촌2동	3,862	8,855	4,155	4,700	8,764	4,116	4,648	91	39	52	2.2692905	1,790
2020.3/4	용산구	이태원1동	3,898	8,929	4,612	4,317	6,935	3,278	3,657	1,994	1,334	660	1.7791175	1,635
2020.3/4	용산구	이태원2동	4,995	10,788	5,082	5,706	9,256	4,270	4,986	1,532	812	720	1.8530531	1,916
2020.3/4	용산구	서빙고동	5,307	14,029	6,767	7,262	13,248	6,360	6,888	781	407	374	2.4963256	2,115
2020.3/4	용산구	보광동	7,781	15,805	8,118	7,687	14,283	7,084	7,199	1,522	1,034	488	1.8356252	2,794
2020.3/4	용산구	청파동	11,097	20,580	9,571	11,009	19,889	9,326	10,563	691	245	446	1.7922862	3,387
2020.3/4	용산구	원효로1동	7,971	16,722	8,069	8,653	16,072	7,729	8,343	650	340	310	2.0163091	2,006
2020.3/4	용산구	한강로동	10,407	20,910	10,164	10,746	19,271	9,294	9,977	1,639	870	769	1.8517344	3,197
2020.3/4	용산구	한남동	11,417	23,969	11,777	12,192	21,290	10,255	11,035	2,679	1,522	1,157	1.8647631	3,794
2020.3/4	성동구	소계	136,096	302,695	147,582	155,113	295,591	144,444	151,147	7,104	3,138	3,966	2.1719301	45,372
2020.3/4	성동구	왕십리2동	7,629	17,555	8,539	9,016	17,188	8,369	8,819	367	170	197	2.2529820	2,615
2020.3/4	성동구	마장동	10,918	23,583	11,565	12,018	22,940	11,324	11,616	643	241	402	2.1011174	3,804
2020.3/4	성동구	사근동	7,787	13,423	6,680	6,743	11,948	6,120	5,828	1,475	560	915	1.5343521	1,495
2020.3/4	성동구	행당1동	6,519	14,545	6,998	7,547	14,243	6,868	7,375	302	130	172	2.1848443	2,110
2020.3/4	성동구	행당2동	9,485	24,273	11,400	12,873	24,184	11,364	12,820	89	36	53	2.5497101	3,747
2020.3/4	성동구	응봉동	6,143	15,875	7,508	8,367	15,809	7,485	8,324	66	23	43	2.5734983	2,527
2020.3/4	성동구	금호1가동	6,720	15,897	7,604	8,293	15,813	7,564	8,249	84	40	44	2.353125	2,539
2020.3/4	성동구	금호4가동	6,469	14,958	7,168	7,790	14,813	7,096	7,717	145	72	73	2.2898439	2,299
2020.3/4	성동구	성수1가1동	7,620	16,954	8,494	8,460	16,640	8,316	8,324	314	178	136	2.1837270	2,177
2020.3/4	성동구	성수1가2동	6,586	13,914	6,840	7,074	13,622	6,704	6,918	292	136	156	2.0683268	1,924
2020.3/4	성동구	성수2가1동	8,496	17,365	9,037	8,328	16,762	8,765	7,997	603	272	331	1.9729284	2,867
2020.3/4	성동구	성수2가3동	5,772	11,563	5,875	5,688	11,264	5,706	5,558	299	169	130	1.9514900	1,868
2020.3/4	성동구	송정동	5,573	11,254	5,943	5,311	10,805	5,709	5,096	449	234	215	1.9388121	1,735
2020.3/4	성동구	용답동	6,910	12,979	6,777	6,202	11,948	6,337	5,611	1,031	440	591	1.7290883	2,143
2020.3/4	성동구	왕십리도선동	12,023	27,786	13,226	14,560	27,270	13,004	14,266	516	222	294	2.2681527	3,693
2020.3/4	성동구	금호2.3가동	10,346	23,737	11,311	12,426	23,559	11,232	12,327	178	79	99	2.2771119	3,858
2020.3/4	성동구	옥수동	11,100	27,034	12,617	14,417	26,783	12,481	14,302	251	136	115	2.4128829	3,971
2020.3/4	광진구	소계	166,857	361,923	174,077	187,846	348,064	168,095	179,969	13,859	5,982	7,877	2.0860018	50,047
2020.3/4	광진구	화양동	16,799	25,276	11,597	13,679	22,452	10,632	11,820	2,824	965	1,859	1.3365081	2,294
2020.3/4	광진구	군자동	11,077	21,864	10,761	11,103	19,958	9,864	10,094	1,906	897	1,009	1.8017514	2,942
2020.3/4	광진구	중곡1동	8,186	16,127	7,866	8,261	15,694	7,674	8,020	433	192	241	1.9171757	2,458
2020.3/4	광진구	중곡2동	10,613	22,336	10,581	11,755	22,000	10,439	11,561	336	142	194	2.0729294	3,172
2020.3/4	광진구	중곡3동	8,570	17,041	8,435	8,606	16,812	8,353	8,459	229	82	147	1.9617270	2,807
2020.3/4	광진구	중곡4동	13,268	30,102	14,702	15,400	29,671	14,530	15,141	431	172	259	2.2362828	4,947
2020.3/4	광진구	능동	6,495	11,923	5,501	6,422	11,600	5,338	6,262	323	163	160	1.7859892	1,602
2020.3/4	광진구	구의1동	12,123	22,863	10,912	11,951	22,152	10,582	11,570	711	330	381	1.8272705	3,062
2020.3/4	광진구	구의2동	11,680	27,543	13,215	14,328	27,071	13,010	14,061	472	205	267	2.3177226	4,220
2020.3/4	광진구	구의3동	12,197	29,654	14,089	15,565	29,347	13,940	15,407	307	149	158	2.4060835	3,891
2020.3/4	광진구	광장동	12,099	35,869	17,313	18,556	35,685	17,232	18,453	184	81	103	2.9494173	3,690
2020.3/4	광진구	자양1동	11,784	23,876	11,472	12,404	22,898	11,030	11,868	978	442	536	1.9431432	3,355
2020.3/4	광진구	자양2동	11,240	26,330	12,815	13,515	25,934	12,628	13,306	396	187	209	2.3072954	3,877
2020.3/4	광진구	자양3동	11,168	29,074	13,983	15,091	28,805	13,865	14,940	269	118	151	2.5792443	4,024
2020.3/4	광진구	자양4동	9,558	22,045	10,835	11,210	17,985	8,978	9,007	4,060	1,857	2,203	1.8816698	3,706
2020.3/4	동대문구	소계	167,232	358,679	176,433	182,246	344,416	170,748	173,668	14,263	5,685	8,578	2.0595101	61,408
2020.3/4	동대문구	회기동	6,243	12,544	5,785	6,759	10,403	4,967	5,436	2,141	818	1,323	1.6663463	1,561
2020.3/4	동대문구	휘경1동	7,122	15,307	7,252	8,055	13,632	6,628	7,004	1,675	624	1,051	1.9140691	2,143
2020.3/4	동대문구	휘경2동	11,857	25,094	12,390	12,704	24,418	12,140	12,278	676	250	426	2.0593742	3,901
2020.3/4	동대문구	청량리동	10,435	21,324	10,636	10,688	20,738	10,359	10,379	586	277	309	1.9873503	5,365
2020.3/4	동대문구	용신동	18,261	32,570	16,474	16,096	31,137	15,827	15,310	1,433	647	786	1.7051092	5,673
2020.3/4	동대문구	제기동	13,321	27,132	13,647	13,485	25,079	12,881	12,198	2,053	766	1,287	1.8826665	5,679
2020.3/4	동대문구	전농1동	15,174	30,793	15,402	15,391	30,238	15,175	15,063	555	227	328	1.9927508	5,601
2020.3/4	동대문구	전농2동	7,772	19,645	9,435	10,210	19,277	9,291	9,986	368	144	224	2.4803139	3,594
2020.3/4	동대문구	답십리2동	12,914	29,801	14,506	15,295	29,509	14,359	15,150	292	147	145	2.2850395	5,450
2020.3/4	동대문구	장안1동	18,135	39,274	19,472	19,802	38,680	19,220	19,460	594	252	342	2.1328922	6,258
2020.3/4	동대문구	장안2동	13,970	33,348	16,675	16,673	33,050	16,560	16,490	298	115	183	2.3657838	4,990
2020.3/4	동대문구	이문1동	10,499	21,200	10,218	10,982	18,507	9,199	9,308	2,693	1,019	1,674	1.7627393	3,266
2020.3/4	동대문구	이문2동	8,684	21,073	10,218	10,855	20,590	10,003	10,587	483	215	268	2.3710272	3,836
2020.3/4	동대문구	답십리1동	12,845	29,574	14,323	15,251	29,158	14,139	15,019	416	184	232	2.2699883	4,091
2020.3/4	중랑구	소계	185,109	400,989	198,012	202,977	395,997	195,981	200,016	4,992	2,031	2,961	2.1392639	68,658
2020.3/4	중랑구	면목2동	12,290	25,355	12,617	12,738	25,005	12,480	12,525	350	137	213	2.0345810	4,402
2020.3/4	중랑구	면목4동	9,049	19,342	9,625	9,717	19,037	9,500	9,537	305	125	180	2.1037684	3,639
2020.3/4	중랑구	면목5동	6,164	14,296	7,179	7,117	14,164	7,133	7,031	132	46	86	2.2978585	2,069
2020.3/4	중랑구	면목7동	10,613	22,681	11,348	11,333	22,330	11,203	11,127	351	145	206	2.1040234	4,142
2020.3/4	중랑구	상봉1동	10,277	25,043	12,251	12,792	24,884	12,188	12,696	159	63	96	2.4213292	3,583
2020.3/4	중랑구	상봉2동	11,559	20,104	9,770	10,334	19,776	9,635	10,141	328	135	193	1.7108746	2,941
2020.3/4	중랑구	중화1동	9,092	20,488	10,025	10,463	20,308	9,952	10,356	180	73	107	2.2336120	3,434
2020.3/4	중랑구	중화2동	13,959	26,450	13,551	12,899	25,922	13,317	12,605	528	234	294	1.8570098	4,928
2020.3/4	중랑구	묵1동	14,966	35,803	17,333	18,470	35,622	17,277	18,345	181	56	125	2.3801951	5,717
2020.3/4	중랑구	묵2동	9,310	19,711	9,664	10,047	19,480	9,577	9,903	231	87	144	2.0923738	3,432
2020.3/4	중랑구	망우3동	8,432	17,620	8,842	8,778	17,231	8,673	8,558	389	169	220	2.0435247	3,243
2020.3/4	중랑구	신내1동	14,864	40,241	19,594	20,647	40,091	19,525	20,566	150	69	81	2.6971878	6,560
2020.3/4	중랑구	신내2동	9,092	21,471	10,238	11,233	21,380	10,210	11,170	91	28	63	2.3515178	3,875
2020.3/4	중랑구	면목본동	17,681	35,461	17,593	17,868	34,618	17,238	17,380	843	355	488	1.9579209	5,938
2020.3/4	중랑구	면목3.8동	12,733	26,097	12,929	13,168	25,682	12,757	12,925	415	172	243	2.0169638	4,873
2020.3/4	중랑구	망우본동	15,028	30,826	15,453	15,373	30,467	15,316	15,151	359	137	222	2.0273489	5,882
2020.3/4	성북구	소계	195,379	449,871	216,155	233,716	439,719	212,151	227,568	10,152	4,004	6,148	2.2505950	73,370
2020.3/4	성북구	돈암1동	6,228	15,462	7,211	8,251	15,367	7,173	8,194	95	38	57	2.4674053	2,822
2020.3/4	성북구	돈암2동	8,718	24,747	11,792	12,955	24,645	11,741	12,904	102	51	51	2.8269098	3,384
2020.3/4	성북구	안암동	9,381	16,785	8,286	8,499	15,304	7,747	7,557	1,481	539	942	1.6313826	2,183
2020.3/4	성북구	보문동	7,928	16,389	7,901	8,488	16,023	7,743	8,280	366	158	208	2.0210646	2,413
2020.3/4	성북구	정릉1동	7,527	19,092	9,181	9,911	18,836	9,084	9,752	256	97	159	2.5024578	3,085
2020.3/4	성북구	정릉2동	9,821	23,739	11,476	12,263	23,516	11,396	12,120	223	80	143	2.3944608	4,340
2020.3/4	성북구	정릉3동	7,974	16,964	8,336	8,628	15,588	7,726	7,862	1,376	610	766	1.9548533	3,278
2020.3/4	성북구	정릉4동	10,987	26,171	12,614	13,557	25,787	12,468	13,319	384	146	238	2.3470465	4,760
2020.3/4	성북구	길음1동	12,819	36,663	17,441	19,222	36,498	17,370	19,128	165	71	94	2.8471800	4,447
2020.3/4	성북구	길음2동	7,129	17,297	8,358	8,939	17,166	8,306	8,860	131	52	79	2.4079113	2,559
2020.3/4	성북구	월곡1동	10,878	27,206	13,119	14,087	27,003	13,048	13,955	203	71	132	2.4823497	4,614
2020.3/4	성북구	월곡2동	9,576	20,481	9,838	10,643	19,965	9,592	10,373	516	246	270	2.0848997	3,564
2020.3/4	성북구	장위1동	9,140	20,485	9,972	10,513	20,286	9,903	10,383	199	69	130	2.2194748	3,676
2020.3/4	성북구	장위2동	6,569	14,201	6,996	7,205	13,964	6,895	7,069	237	101	136	2.1257421	3,096
2020.3/4	성북구	장위3동	7,393	18,027	8,925	9,102	17,848	8,846	9,002	179	79	100	2.4141756	2,487
2020.3/4	성북구	성북동	8,230	17,531	8,152	9,379	16,976	7,924	9,052	555	228	327	2.0626974	3,103
2020.3/4	성북구	삼선동	11,750	24,354	11,555	12,799	23,786	11,329	12,457	568	226	342	2.0243404	3,924
2020.3/4	성북구	동선동	9,339	16,283	6,762	9,521	15,624	6,580	9,044	659	182	477	1.6729843	2,265
2020.3/4	성북구	종암동	17,378	41,436	20,179	21,257	39,879	19,647	20,232	1,557	532	1,025	2.2947980	6,561
2020.3/4	성북구	석관동	16,614	36,558	18,061	18,497	35,658	17,633	18,025	900	428	472	2.1462622	6,809
2020.3/4	강북구	소계	145,790	313,550	152,458	161,092	309,996	151,117	158,879	3,554	1,341	2,213	2.1263187	62,951
2020.3/4	강북구	번1동	10,456	19,559	9,734	9,825	19,164	9,592	9,572	395	142	253	1.8328233	3,566
2020.3/4	강북구	번2동	7,651	16,707	8,102	8,605	16,593	8,059	8,534	114	43	71	2.1687361	3,933
2020.3/4	강북구	번3동	7,601	17,763	8,351	9,412	17,695	8,339	9,356	68	12	56	2.3279832	4,604
2020.3/4	강북구	수유1동	10,445	21,585	10,634	10,951	21,335	10,549	10,786	250	85	165	2.0426041	4,385
2020.3/4	강북구	수유2동	9,701	21,644	10,339	11,305	21,504	10,296	11,208	140	43	97	2.2166787	4,663
2020.3/4	강북구	수유3동	12,955	23,963	11,851	12,112	23,591	11,709	11,882	372	142	230	1.8209958	4,525
2020.3/4	강북구	삼양동	11,386	24,933	12,405	12,528	24,750	12,338	12,412	183	67	116	2.1737221	4,842
2020.3/4	강북구	미아동	11,717	22,780	10,948	11,832	22,275	10,735	11,540	505	213	292	1.9010839	4,406
2020.3/4	강북구	송중동	14,074	31,101	14,907	16,194	30,502	14,670	15,832	599	237	362	2.1672588	5,965
2020.3/4	강북구	송천동	13,817	28,169	13,984	14,185	27,721	13,800	13,921	448	184	264	2.0062966	6,075
2020.3/4	강북구	삼각산동	11,770	32,331	15,526	16,805	32,205	15,477	16,728	126	49	77	2.7361937	4,327
2020.3/4	강북구	우이동	9,609	21,180	10,299	10,881	21,042	10,242	10,800	138	57	81	2.1898220	4,718
2020.3/4	강북구	인수동	14,608	31,835	15,378	16,457	31,619	15,311	16,308	216	67	149	2.1644989	6,942
2020.3/4	도봉구	소계	139,029	329,300	160,526	168,774	327,248	159,723	167,525	2,052	803	1,249	2.3538111	61,388
2020.3/4	도봉구	쌍문1동	9,452	22,105	10,636	11,469	21,941	10,579	11,362	164	57	107	2.3213077	4,388
2020.3/4	도봉구	쌍문2동	8,682	19,587	9,445	10,142	19,422	9,364	10,058	165	81	84	2.2370422	3,790
2020.3/4	도봉구	쌍문3동	7,878	17,004	8,237	8,767	16,845	8,177	8,668	159	60	99	2.1382331	3,362
2020.3/4	도봉구	쌍문4동	7,187	19,416	9,214	10,202	19,381	9,203	10,178	35	11	24	2.6966746	2,922
2020.3/4	도봉구	방학1동	12,745	29,453	14,595	14,858	29,188	14,498	14,690	265	97	168	2.2901530	5,558
2020.3/4	도봉구	방학2동	9,554	20,588	10,391	10,197	20,397	10,309	10,088	191	82	109	2.1349173	4,207
2020.3/4	도봉구	방학3동	10,078	28,121	13,654	14,467	28,048	13,630	14,418	73	24	49	2.7830919	4,736
2020.3/4	도봉구	창1동	10,906	25,578	12,176	13,402	25,422	12,116	13,306	156	60	96	2.3310105	4,423
2020.3/4	도봉구	창2동	12,420	30,057	14,706	15,351	29,786	14,586	15,200	271	120	151	2.3982287	5,009
2020.3/4	도봉구	창3동	6,672	14,515	7,246	7,269	14,420	7,213	7,207	95	33	62	2.1612710	2,880
2020.3/4	도봉구	창4동	10,702	27,422	13,194	14,228	27,333	13,155	14,178	89	39	50	2.5540086	4,061
2020.3/4	도봉구	창5동	10,229	25,405	12,184	13,221	25,290	12,150	13,140	115	34	81	2.4723824	4,170
2020.3/4	도봉구	도봉1동	10,388	21,916	11,075	10,841	21,768	11,022	10,746	148	53	95	2.0954948	5,606
2020.3/4	도봉구	도봉2동	12,136	28,133	13,773	14,360	28,007	13,721	14,286	126	52	74	2.3077620	6,276
2020.3/4	노원구	소계	218,002	529,532	255,618	273,914	525,486	253,797	271,689	4,046	1,821	2,225	2.4104641	84,612
2020.3/4	노원구	월계1동	10,551	23,317	12,024	11,293	22,684	11,684	11,000	633	340	293	2.1499384	4,244
2020.3/4	노원구	월계2동	12,098	27,882	13,436	14,446	27,735	13,386	14,349	147	50	97	2.2925277	5,638
2020.3/4	노원구	월계3동	13,002	30,966	14,828	16,138	30,770	14,750	16,020	196	78	118	2.3665590	5,824
2020.3/4	노원구	공릉2동	16,424	40,470	19,735	20,735	39,868	19,441	20,427	602	294	308	2.4274233	5,132
2020.3/4	노원구	하계1동	11,728	28,188	13,591	14,597	27,695	13,350	14,345	493	241	252	2.3614427	4,286
2020.3/4	노원구	하계2동	8,293	22,913	10,920	11,993	22,851	10,896	11,955	62	24	38	2.7554564	3,097
2020.3/4	노원구	중계본동	8,770	25,287	12,366	12,921	25,223	12,341	12,882	64	25	39	2.8760547	2,595
2020.3/4	노원구	중계1동	9,075	27,646	13,487	14,159	27,558	13,447	14,111	88	40	48	3.0366942	2,291
2020.3/4	노원구	중계4동	8,486	20,864	10,073	10,791	20,806	10,054	10,752	58	19	39	2.4518030	3,923
2020.3/4	노원구	상계1동	15,653	39,460	19,153	20,307	39,302	19,101	20,201	158	52	106	2.5108286	6,776
2020.3/4	노원구	상계2동	8,782	20,866	10,308	10,558	20,708	10,239	10,469	158	69	89	2.3580050	3,243
2020.3/4	노원구	상계5동	10,991	24,949	12,122	12,827	24,820	12,071	12,749	129	51	78	2.2582113	4,972
2020.3/4	노원구	상계8동	9,242	23,266	11,183	12,083	23,215	11,171	12,044	51	12	39	2.5119022	2,763
2020.3/4	노원구	상계9동	8,441	21,441	10,185	11,256	21,356	10,161	11,195	85	24	61	2.5300320	3,284
2020.3/4	노원구	상계10동	6,642	16,358	7,511	8,847	16,298	7,485	8,813	60	26	34	2.4537790	2,296
2020.3/4	노원구	상계3.4동	12,203	27,295	13,543	13,752	27,184	13,511	13,673	111	32	79	2.2276489	5,979
2020.3/4	노원구	상계6.7동	13,947	33,882	15,749	18,133	33,740	15,695	18,045	142	54	88	2.4191582	4,814
2020.3/4	노원구	중계2.3동	15,435	35,938	16,590	19,348	35,801	16,543	19,258	137	47	90	2.3194687	7,194
2020.3/4	노원구	공릉1동	18,239	38,544	18,814	19,730	37,872	18,471	19,401	672	343	329	2.0764296	6,261
2020.3/4	은평구	소계	213,039	485,842	233,104	252,738	481,546	231,364	250,182	4,296	1,740	2,556	2.2603655	84,353
2020.3/4	은평구	녹번동	17,380	37,901	18,072	19,829	37,467	17,872	19,595	434	200	234	2.1557537	6,790
2020.3/4	은평구	불광1동	17,954	40,144	18,996	21,148	39,851	18,869	20,982	293	127	166	2.2196168	7,616
2020.3/4	은평구	갈현1동	11,206	23,630	11,530	12,100	23,399	11,420	11,979	231	110	121	2.0880778	4,380
2020.3/4	은평구	갈현2동	12,653	29,484	13,994	15,490	29,125	13,850	15,275	359	144	215	2.3018257	4,846
2020.3/4	은평구	구산동	13,359	33,264	16,541	16,723	33,016	16,441	16,575	248	100	148	2.4714425	6,079
2020.3/4	은평구	대조동	14,238	27,669	12,890	14,779	27,306	12,745	14,561	363	145	218	1.9178255	4,955
2020.3/4	은평구	응암1동	13,752	30,836	14,633	16,203	30,535	14,509	16,026	301	124	177	2.2204043	4,743
2020.3/4	은평구	응암2동	10,965	27,818	13,473	14,345	27,604	13,385	14,219	214	88	126	2.5174647	3,711
2020.3/4	은평구	신사1동	11,835	27,993	13,493	14,500	27,759	13,410	14,349	234	83	151	2.3455006	4,783
2020.3/4	은평구	신사2동	9,073	21,118	10,524	10,594	20,976	10,476	10,500	142	48	94	2.3119145	3,841
2020.3/4	은평구	증산동	6,886	15,617	7,636	7,981	15,482	7,580	7,902	135	56	79	2.2483299	3,073
2020.3/4	은평구	수색동	4,665	11,060	5,489	5,571	10,993	5,465	5,528	67	24	43	2.3564845	1,992
2020.3/4	은평구	진관동	21,639	57,491	26,973	30,518	57,262	26,882	30,380	229	91	138	2.6462406	7,921
2020.3/4	은평구	불광2동	13,911	28,909	14,015	14,894	28,613	13,892	14,721	296	123	173	2.0568615	5,822
2020.3/4	은평구	응암3동	12,732	25,673	12,529	13,144	25,328	12,398	12,930	345	131	214	1.9893183	5,558
2020.3/4	은평구	역촌동	20,791	47,235	22,316	24,919	46,830	22,170	24,660	405	146	259	2.2524169	8,243
2020.3/4	서대문구	소계	144,494	323,860	153,763	170,097	313,212	149,993	163,219	10,648	3,770	6,878	2.1676471	53,869
2020.3/4	서대문구	천연동	8,113	18,246	8,666	9,580	17,968	8,526	9,442	278	140	138	2.2147171	3,318
2020.3/4	서대문구	홍제1동	10,481	24,741	11,624	13,117	24,456	11,490	12,966	285	134	151	2.3333651	4,460
2020.3/4	서대문구	홍제3동	7,107	16,055	7,782	8,273	15,882	7,711	8,171	173	71	102	2.2346982	3,565
2020.3/4	서대문구	홍제2동	5,913	14,434	6,857	7,577	14,325	6,811	7,514	109	46	63	2.4226281	2,695
2020.3/4	서대문구	홍은1동	9,613	23,086	11,169	11,917	22,840	11,068	11,772	246	101	145	2.3759492	4,461
2020.3/4	서대문구	홍은2동	12,338	27,847	13,395	14,452	27,148	13,114	14,034	699	281	418	2.2003566	5,041
2020.3/4	서대문구	남가좌1동	5,904	16,234	7,803	8,431	15,981	7,699	8,282	253	104	149	2.7068089	2,124
2020.3/4	서대문구	남가좌2동	13,220	30,851	14,787	16,064	30,016	14,479	15,537	835	308	527	2.2704992	4,755
2020.3/4	서대문구	북가좌1동	6,987	18,693	9,006	9,687	18,568	8,958	9,610	125	48	77	2.6575068	2,902
2020.3/4	서대문구	북가좌2동	14,774	33,190	16,108	17,082	32,827	15,973	16,854	363	135	228	2.2219440	6,217
2020.3/4	서대문구	충현동	10,113	20,591	9,895	10,696	20,169	9,703	10,466	422	192	230	1.9943637	3,375
2020.3/4	서대문구	북아현동	7,478	17,097	8,153	8,944	16,747	8,006	8,741	350	147	203	2.2395025	2,322
2020.3/4	서대문구	신촌동	13,143	22,894	9,446	13,448	19,184	8,543	10,641	3,710	903	2,807	1.4596363	2,213
2020.3/4	서대문구	연희동	19,310	39,901	19,072	20,829	37,101	17,912	19,189	2,800	1,160	1,640	1.9213361	6,421
2020.3/4	마포구	소계	178,495	383,494	179,899	203,595	373,508	176,011	197,497	9,986	3,888	6,098	2.0925404	54,053
2020.3/4	마포구	용강동	9,274	22,283	10,539	11,744	21,835	10,299	11,536	448	240	208	2.3544317	2,913
2020.3/4	마포구	대흥동	8,379	15,819	7,413	8,406	14,340	6,938	7,402	1,479	475	1,004	1.7114214	2,084
2020.3/4	마포구	염리동	5,652	12,913	6,083	6,830	12,128	5,844	6,284	785	239	546	2.1457891	1,757
2020.3/4	마포구	신수동	10,257	23,683	11,462	12,221	23,267	11,306	11,961	416	156	260	2.2684021	3,319
2020.3/4	마포구	서교동	15,274	26,712	12,005	14,707	25,129	11,477	13,652	1,583	528	1,055	1.6452141	3,464
2020.3/4	마포구	합정동	9,721	18,747	8,702	10,045	18,394	8,551	9,843	353	151	202	1.8921922	2,685
2020.3/4	마포구	망원1동	10,557	21,280	9,974	11,306	20,941	9,838	11,103	339	136	203	1.9836128	3,402
2020.3/4	마포구	망원2동	8,511	19,242	9,076	10,166	19,054	8,999	10,055	188	77	111	2.2387499	3,043
2020.3/4	마포구	연남동	8,873	16,731	7,823	8,908	15,702	7,390	8,312	1,029	433	596	1.7696382	2,529
2020.3/4	마포구	성산1동	9,468	19,890	9,346	10,544	19,546	9,192	10,354	344	154	190	2.0644275	2,938
2020.3/4	마포구	성산2동	19,028	40,958	18,645	22,313	40,645	18,533	22,112	313	112	201	2.1360626	6,065
2020.3/4	마포구	상암동	12,823	32,252	15,398	16,854	31,634	15,114	16,520	618	284	334	2.4669734	3,904
2020.3/4	마포구	도화동	9,553	22,102	10,576	11,526	21,854	10,460	11,394	248	116	132	2.2876583	3,708
2020.3/4	마포구	서강동	11,703	25,621	12,102	13,519	24,912	11,870	13,042	709	232	477	2.1286850	3,168
2020.3/4	마포구	공덕동	18,989	39,450	18,670	20,780	38,785	18,344	20,441	665	326	339	2.0424983	5,974
2020.3/4	마포구	아현동	10,433	25,811	12,085	13,726	25,342	11,856	13,486	469	229	240	2.4290233	3,100
2020.3/4	양천구	소계	180,309	460,048	225,596	234,452	456,240	223,889	232,351	3,808	1,707	2,101	2.5303229	64,804
2020.3/4	양천구	목1동	10,565	31,771	15,242	16,529	31,595	15,149	16,446	176	93	83	2.9905348	3,063
2020.3/4	양천구	목2동	13,242	30,887	14,989	15,898	30,625	14,878	15,747	262	111	151	2.3127171	4,065
2020.3/4	양천구	목3동	10,060	22,734	10,859	11,875	22,547	10,777	11,770	187	82	105	2.2412525	3,224
2020.3/4	양천구	목4동	10,120	26,305	12,872	13,433	26,065	12,749	13,316	240	123	117	2.5755929	3,132
2020.3/4	양천구	신월1동	10,165	21,326	10,910	10,416	20,999	10,768	10,231	327	142	185	2.0658141	4,049
2020.3/4	양천구	신월2동	8,587	21,659	10,638	11,021	21,480	10,556	10,924	179	82	97	2.5014557	3,754
2020.3/4	양천구	신월3동	8,112	16,161	8,530	7,631	15,939	8,429	7,510	222	101	121	1.9648669	2,926
2020.3/4	양천구	신월4동	6,943	18,579	9,108	9,471	18,489	9,081	9,408	90	27	63	2.6629699	3,105
2020.3/4	양천구	신월5동	6,481	15,337	7,602	7,735	15,181	7,535	7,646	156	67	89	2.3423854	2,375
2020.3/4	양천구	신월6동	5,079	13,517	6,666	6,851	13,468	6,647	6,821	49	19	30	2.6517031	1,655
2020.3/4	양천구	신월7동	9,230	20,829	10,190	10,639	20,685	10,149	10,536	144	41	103	2.2410618	4,228
2020.3/4	양천구	신정1동	7,200	21,149	10,318	10,831	21,013	10,254	10,759	136	64	72	2.9184722	2,623
2020.3/4	양천구	신정2동	7,142	20,377	9,978	10,399	20,155	9,890	10,265	222	88	134	2.8220386	2,542
2020.3/4	양천구	신정3동	17,893	47,116	22,960	24,156	46,704	22,762	23,942	412	198	214	2.6101828	6,730
2020.3/4	양천구	신정6동	8,251	25,115	12,222	12,893	25,090	12,211	12,879	25	11	14	3.0408435	2,610
2020.3/4	양천구	신정7동	11,592	30,248	14,611	15,637	30,056	14,524	15,532	192	87	105	2.5928226	4,771
2020.3/4	양천구	목5동	13,566	42,459	21,009	21,450	42,385	20,975	21,410	74	34	40	3.1243550	4,233
2020.3/4	양천구	신정4동	16,081	34,479	16,892	17,587	33,764	16,555	17,209	715	337	378	2.0996207	5,719
2020.3/4	강서구	소계	266,366	589,536	284,747	304,789	583,544	281,951	301,593	5,992	2,796	3,196	2.1907601	88,052
2020.3/4	강서구	염창동	15,776	42,077	20,477	21,600	41,954	20,421	21,533	123	56	67	2.6593560	4,170
2020.3/4	강서구	등촌1동	12,835	24,053	11,274	12,779	23,850	11,205	12,645	203	69	134	1.8582002	2,783
2020.3/4	강서구	등촌2동	8,800	21,500	10,528	10,972	21,378	10,478	10,900	122	50	72	2.4293182	3,063
2020.3/4	강서구	등촌3동	15,041	31,928	15,219	16,709	31,742	15,153	16,589	186	66	120	2.1103650	6,428
2020.3/4	강서구	화곡본동	16,749	35,255	17,189	18,066	34,844	17,022	17,822	411	167	244	2.0803630	4,715
2020.3/4	강서구	화곡2동	8,234	18,897	9,180	9,717	18,604	9,054	9,550	293	126	167	2.2594122	2,825
2020.3/4	강서구	화곡3동	9,444	22,172	10,637	11,535	22,004	10,567	11,437	168	70	98	2.3299449	3,916
2020.3/4	강서구	화곡4동	9,737	21,598	10,562	11,036	21,267	10,417	10,850	331	145	186	2.1841430	3,710
2020.3/4	강서구	화곡6동	12,230	25,321	12,377	12,944	25,114	12,296	12,818	207	81	126	2.0534751	3,777
2020.3/4	강서구	화곡8동	11,796	25,880	12,435	13,445	25,401	12,220	13,181	479	215	264	2.1533571	4,260
2020.3/4	강서구	가양1동	19,933	34,515	15,936	18,579	34,152	15,729	18,423	363	207	156	1.7133397	2,931
2020.3/4	강서구	가양2동	8,091	14,782	6,987	7,795	14,693	6,963	7,730	89	24	65	1.8159684	3,843
2020.3/4	강서구	가양3동	7,922	15,778	7,400	8,378	15,672	7,353	8,319	106	47	59	1.9782883	3,543
2020.3/4	강서구	발산1동	13,588	37,880	17,951	19,929	37,735	17,900	19,835	145	51	94	2.7770827	4,610
2020.3/4	강서구	공항동	12,773	27,748	14,217	13,531	27,018	13,727	13,291	730	490	240	2.1152431	3,792
2020.3/4	강서구	방화1동	17,466	44,888	21,884	23,004	44,629	21,781	22,848	259	103	156	2.5551929	6,414
2020.3/4	강서구	방화2동	11,613	23,519	11,656	11,863	23,181	11,456	11,725	338	200	138	1.9961250	4,688
2020.3/4	강서구	방화3동	11,331	23,811	11,537	12,274	23,665	11,492	12,173	146	45	101	2.0885182	4,929
2020.3/4	강서구	화곡1동	26,810	53,761	26,139	27,622	52,675	25,656	27,019	1,086	483	603	1.9647520	8,086
2020.3/4	강서구	우장산동	16,197	44,173	21,162	23,011	43,966	21,061	22,905	207	101	106	2.7144533	5,569
2020.3/4	구로구	소계	179,792	435,751	217,380	218,371	405,579	200,268	205,311	30,172	17,112	13,060	2.2558234	69,312
2020.3/4	구로구	신도림동	13,504	36,685	17,969	18,716	36,355	17,771	18,584	330	198	132	2.6921653	4,541
2020.3/4	구로구	구로1동	8,377	21,857	10,737	11,120	21,419	10,511	10,908	438	226	212	2.5568819	2,433
2020.3/4	구로구	구로3동	13,176	25,813	13,212	12,601	23,914	12,185	11,729	1,899	1,027	872	1.8149666	3,435
2020.3/4	구로구	구로4동	10,687	25,511	12,884	12,627	20,531	9,989	10,542	4,980	2,895	2,085	1.9211191	4,489
2020.3/4	구로구	구로5동	14,697	32,759	16,102	16,657	29,528	14,328	15,200	3,231	1,774	1,457	2.0091175	4,633
2020.3/4	구로구	고척1동	9,582	23,682	11,822	11,860	23,261	11,608	11,653	421	214	207	2.4275725	4,202
2020.3/4	구로구	고척2동	11,586	28,105	13,919	14,186	27,534	13,624	13,910	571	295	276	2.3764889	4,967
2020.3/4	구로구	개봉2동	12,639	32,413	15,818	16,595	31,926	15,597	16,329	487	221	266	2.5259910	6,129
2020.3/4	구로구	개봉3동	8,824	21,467	10,486	10,981	21,007	10,264	10,743	460	222	238	2.3806664	4,110
2020.3/4	구로구	오류1동	11,634	23,350	11,423	11,927	22,637	11,077	11,560	713	346	367	1.9457624	3,894
2020.3/4	구로구	수궁동	9,936	24,357	12,052	12,305	24,020	11,878	12,142	337	174	163	2.4174718	4,194
2020.3/4	구로구	가리봉동	6,014	14,750	8,481	6,269	9,316	5,062	4,254	5,434	3,419	2,015	1.5490522	2,159
2020.3/4	구로구	구로2동	12,741	33,732	17,598	16,134	24,669	12,419	12,250	9,063	5,179	3,884	1.9361903	5,807
2020.3/4	구로구	개봉1동	14,734	34,985	17,520	17,465	33,990	17,014	16,976	995	506	489	2.3069092	6,142
2020.3/4	구로구	오류2동	15,557	40,008	19,342	20,666	39,239	18,944	20,295	769	398	371	2.5222729	6,726
2020.3/4	구로구	항동	6,104	16,277	8,015	8,262	16,233	7,997	8,236	44	18	26	2.6594037	1,451
2020.3/4	금천구	소계	113,887	249,641	127,292	122,349	232,157	117,489	114,668	17,484	9,803	7,681	2.0384855	39,361
2020.3/4	금천구	가산동	15,497	25,762	14,248	11,514	22,618	12,356	10,262	3,144	1,892	1,252	1.4595083	2,555
2020.3/4	금천구	독산1동	21,024	44,534	23,082	21,452	42,303	21,797	20,506	2,231	1,285	946	2.0121290	5,570
2020.3/4	금천구	독산2동	9,389	20,869	10,644	10,225	19,101	9,681	9,420	1,768	963	805	2.0344020	3,347
2020.3/4	금천구	독산3동	12,489	28,951	14,884	14,067	24,602	12,388	12,214	4,349	2,496	1,853	1.9698935	4,466
2020.3/4	금천구	독산4동	7,680	17,739	9,021	8,718	15,671	7,895	7,776	2,068	1,126	942	2.0404948	2,877
2020.3/4	금천구	시흥1동	16,068	36,065	18,116	17,949	33,893	16,927	16,966	2,172	1,189	983	2.1093478	6,041
2020.3/4	금천구	시흥2동	8,443	22,191	10,725	11,466	22,065	10,668	11,397	126	57	69	2.6134076	3,972
2020.3/4	금천구	시흥3동	4,775	11,375	5,667	5,708	11,210	5,588	5,622	165	79	86	2.3476440	2,277
2020.3/4	금천구	시흥4동	9,143	21,716	10,768	10,948	20,936	10,376	10,560	780	392	388	2.2898392	3,982
2020.3/4	금천구	시흥5동	9,379	20,439	10,137	10,302	19,758	9,813	9,945	681	324	357	2.1066212	4,274
2020.3/4	영등포구	소계	182,087	405,982	202,624	203,358	375,630	185,800	189,830	30,352	16,824	13,528	2.0629150	60,826
2020.3/4	영등포구	여의동	13,800	34,638	16,291	18,347	34,307	16,105	18,202	331	186	145	2.4860145	6,134
2020.3/4	영등포구	당산1동	10,827	21,387	10,494	10,893	20,911	10,263	10,648	476	231	245	1.9313753	3,335
2020.3/4	영등포구	당산2동	18,425	38,001	17,819	20,182	37,564	17,618	19,946	437	201	236	2.0387517	4,621
2020.3/4	영등포구	양평1동	9,001	17,696	8,714	8,982	17,365	8,555	8,810	331	159	172	1.9292301	2,360
2020.3/4	영등포구	양평2동	10,279	22,634	11,266	11,368	22,392	11,141	11,251	242	125	117	2.1784220	2,489
2020.3/4	영등포구	신길1동	10,410	19,414	9,931	9,483	17,546	8,910	8,636	1,868	1,021	847	1.6854947	3,375
2020.3/4	영등포구	신길3동	7,662	18,276	9,094	9,182	17,010	8,400	8,610	1,266	694	572	2.2200470	3,057
2020.3/4	영등포구	신길4동	4,368	9,789	4,985	4,804	8,855	4,436	4,419	934	549	385	2.0272436	1,911
2020.3/4	영등포구	신길5동	4,980	12,663	6,231	6,432	11,206	5,411	5,795	1,457	820	637	2.2502008	2,060
2020.3/4	영등포구	신길6동	8,598	18,980	9,343	9,637	17,863	8,731	9,132	1,117	612	505	2.0775762	3,162
2020.3/4	영등포구	신길7동	7,910	20,568	10,250	10,318	20,352	10,139	10,213	216	111	105	2.5729456	2,391
2020.3/4	영등포구	대림1동	7,159	17,868	9,143	8,725	14,750	7,344	7,406	3,118	1,799	1,319	2.0603436	3,079
2020.3/4	영등포구	대림2동	6,889	20,389	10,666	9,723	12,369	6,067	6,302	8,020	4,599	3,421	1.7954710	3,025
2020.3/4	영등포구	대림3동	10,450	27,601	14,095	13,506	23,128	11,613	11,515	4,473	2,482	1,991	2.2132057	4,336
2020.3/4	영등포구	영등포본동	10,315	24,156	12,446	11,710	21,624	11,057	10,567	2,532	1,389	1,143	2.0963645	4,032
2020.3/4	영등포구	영등포동	18,442	28,042	15,092	12,950	27,381	14,754	12,627	661	338	323	1.4847088	3,492
2020.3/4	영등포구	도림동	9,441	21,088	10,651	10,437	18,416	9,243	9,173	2,672	1,408	1,264	1.9506408	3,362
2020.3/4	영등포구	문래동	13,131	32,792	16,113	16,679	32,591	16,013	16,578	201	100	101	2.4819892	4,605
2020.3/4	동작구	소계	184,193	404,617	195,373	209,244	393,554	190,422	203,132	11,063	4,951	6,112	2.1366393	64,674
2020.3/4	동작구	노량진2동	7,283	13,506	6,964	6,542	12,580	6,490	6,090	926	474	452	1.7273102	2,704
2020.3/4	동작구	상도1동	21,584	47,137	22,678	24,459	45,394	21,978	23,416	1,743	700	1,043	2.1031320	6,813
2020.3/4	동작구	상도2동	12,675	28,468	13,656	14,812	28,141	13,539	14,602	327	117	210	2.2201972	4,371
2020.3/4	동작구	상도3동	12,075	25,659	12,281	13,378	25,272	12,087	13,185	387	194	193	2.0929193	4,305
2020.3/4	동작구	상도4동	13,814	29,557	14,328	15,229	29,146	14,151	14,995	411	177	234	2.1098885	4,884
2020.3/4	동작구	사당1동	13,275	23,784	11,327	12,457	23,160	11,025	12,135	624	302	322	1.7446328	3,647
2020.3/4	동작구	사당3동	10,542	25,430	12,288	13,142	25,173	12,177	12,996	257	111	146	2.3878771	4,350
2020.3/4	동작구	사당4동	7,183	14,723	7,023	7,700	14,538	6,934	7,604	185	89	96	2.0239454	2,586
2020.3/4	동작구	사당5동	6,613	14,881	7,215	7,666	14,772	7,171	7,601	109	44	65	2.2337819	2,225
2020.3/4	동작구	대방동	17,289	39,430	18,780	20,650	39,032	18,578	20,454	398	202	196	2.2576205	5,578
2020.3/4	동작구	신대방1동	10,235	26,161	12,765	13,396	23,753	11,457	12,296	2,408	1,308	1,100	2.3207621	3,705
2020.3/4	동작구	신대방2동	9,486	20,544	9,769	10,775	20,269	9,658	10,611	275	111	164	2.1367278	3,022
2020.3/4	동작구	흑석동	14,390	34,770	16,646	18,124	32,553	15,875	16,678	2,217	771	1,446	2.2621960	5,673
2020.3/4	동작구	노량진1동	15,762	32,667	16,241	16,426	32,312	16,087	16,225	355	154	201	2.0499937	5,616
2020.3/4	동작구	사당2동	11,987	27,900	13,412	14,488	27,459	13,215	14,244	441	197	244	2.2907316	5,195
2020.3/4	관악구	소계	275,248	514,555	257,638	256,917	498,574	250,084	248,490	15,981	7,554	8,427	1.8113628	78,206
2020.3/4	관악구	보라매동	12,495	25,529	12,546	12,983	24,665	12,106	12,559	864	440	424	1.9739896	4,354
2020.3/4	관악구	청림동	6,591	15,908	7,776	8,132	15,782	7,725	8,057	126	51	75	2.3944773	2,706
2020.3/4	관악구	행운동	17,381	30,000	14,510	15,490	29,474	14,311	15,163	526	199	327	1.6957597	4,295
2020.3/4	관악구	낙성대동	11,230	17,858	9,002	8,856	17,229	8,701	8,528	629	301	328	1.5341941	1,972
2020.3/4	관악구	중앙동	9,789	16,016	7,593	8,423	15,581	7,428	8,153	435	165	270	1.5916845	2,402
2020.3/4	관악구	인헌동	14,230	26,766	13,015	13,751	26,403	12,874	13,529	363	141	222	1.8554462	3,933
2020.3/4	관악구	남현동	9,518	18,680	9,010	9,670	18,455	8,917	9,538	225	93	132	1.9389578	2,709
2020.3/4	관악구	서원동	14,207	23,877	12,256	11,621	23,091	11,877	11,214	786	379	407	1.6253255	3,255
2020.3/4	관악구	신원동	10,931	19,595	9,796	9,799	18,470	9,235	9,235	1,125	561	564	1.6896899	3,219
2020.3/4	관악구	서림동	14,595	24,532	13,378	11,154	23,935	13,136	10,799	597	242	355	1.6399452	3,466
2020.3/4	관악구	신사동	13,716	25,804	12,956	12,848	22,939	11,483	11,456	2,865	1,473	1,392	1.6724264	3,508
2020.3/4	관악구	신림동	17,352	22,844	11,845	10,999	21,979	11,427	10,552	865	418	447	1.2666551	1,970
2020.3/4	관악구	난향동	6,456	16,082	7,928	8,154	15,960	7,862	8,098	122	66	56	2.4721190	2,739
2020.3/4	관악구	조원동	10,639	19,448	9,896	9,552	17,613	8,898	8,715	1,835	998	837	1.6555127	2,789
2020.3/4	관악구	대학동	16,266	25,012	14,870	10,142	23,784	14,371	9,413	1,228	499	729	1.4621911	2,836
2020.3/4	관악구	은천동	16,101	34,816	17,002	17,814	34,208	16,739	17,469	608	263	345	2.1245885	5,756
2020.3/4	관악구	성현동	12,569	30,620	14,814	15,806	30,444	14,742	15,702	176	72	104	2.4221497	5,304
2020.3/4	관악구	청룡동	22,511	36,328	17,372	18,956	35,047	16,811	18,236	1,281	561	720	1.5568833	4,389
2020.3/4	관악구	난곡동	13,017	28,165	14,091	14,074	27,632	13,843	13,789	533	248	285	2.1227625	5,233
2020.3/4	관악구	삼성동	11,420	24,608	12,286	12,322	24,445	12,226	12,219	163	60	103	2.1405429	5,746
2020.3/4	관악구	미성동	14,234	32,067	15,696	16,371	31,438	15,372	16,066	629	324	305	2.2086553	5,625
2020.3/4	서초구	소계	173,483	429,995	205,671	224,324	426,009	203,686	222,323	3,986	1,985	2,001	2.4556239	59,495
2020.3/4	서초구	서초1동	9,354	21,264	10,230	11,034	21,067	10,134	10,933	197	96	101	2.2521916	2,990
2020.3/4	서초구	서초2동	8,730	19,159	9,109	10,050	18,921	8,966	9,955	238	143	95	2.1673540	2,211
2020.3/4	서초구	서초3동	14,240	31,710	15,403	16,307	31,364	15,242	16,122	346	161	185	2.2025281	4,576
2020.3/4	서초구	서초4동	11,079	31,870	15,530	16,340	31,619	15,387	16,232	251	143	108	2.8539579	4,037
2020.3/4	서초구	잠원동	12,449	30,777	14,706	16,071	30,583	14,611	15,972	194	95	99	2.4566632	3,573
2020.3/4	서초구	반포본동	4,114	12,070	5,714	6,356	12,013	5,686	6,327	57	28	29	2.9200292	1,959
2020.3/4	서초구	반포1동	14,357	32,833	15,860	16,973	32,495	15,706	16,789	338	154	184	2.2633559	3,478
2020.3/4	서초구	반포2동	5,122	16,316	7,790	8,526	16,152	7,713	8,439	164	77	87	3.1534557	1,928
2020.3/4	서초구	반포3동	7,734	22,313	10,561	11,752	22,256	10,533	11,723	57	28	29	2.8776830	2,851
2020.3/4	서초구	반포4동	7,288	20,017	9,498	10,519	19,442	9,187	10,255	575	311	264	2.6676729	2,794
2020.3/4	서초구	방배본동	8,019	21,416	9,927	11,489	21,235	9,841	11,394	181	86	95	2.6480858	3,008
2020.3/4	서초구	방배1동	7,692	17,532	8,198	9,334	17,413	8,141	9,272	119	57	62	2.2637806	2,816
2020.3/4	서초구	방배2동	8,695	20,534	9,645	10,889	20,381	9,569	10,812	153	76	77	2.3439908	3,478
2020.3/4	서초구	방배3동	8,351	21,801	10,523	11,278	21,664	10,455	11,209	137	68	69	2.5941803	3,693
2020.3/4	서초구	방배4동	9,810	24,037	10,990	13,047	23,757	10,862	12,895	280	128	152	2.4217125	3,364
2020.3/4	서초구	양재1동	18,299	45,250	21,635	23,615	44,878	21,463	23,415	372	172	200	2.4524837	6,742
2020.3/4	서초구	양재2동	10,818	22,792	11,458	11,334	22,528	11,320	11,208	264	138	126	2.0824552	2,821
2020.3/4	서초구	내곡동	7,332	18,304	8,894	9,410	18,241	8,870	9,371	63	24	39	2.4878614	3,176
2020.3/4	강남구	소계	234,021	544,085	260,358	283,727	539,235	257,961	281,274	4,850	2,397	2,453	2.3042163	73,942
2020.3/4	강남구	신사동	7,399	17,146	7,984	9,162	16,890	7,841	9,049	256	143	113	2.2827409	2,931
2020.3/4	강남구	논현1동	14,450	23,803	11,180	12,623	23,108	10,821	12,287	695	359	336	1.5991696	2,970
2020.3/4	강남구	논현2동	11,633	22,033	10,224	11,809	21,772	10,107	11,665	261	117	144	1.8715723	3,113
2020.3/4	강남구	삼성1동	5,785	14,030	6,974	7,056	13,795	6,819	6,976	235	155	80	2.3846154	2,118
2020.3/4	강남구	삼성2동	13,468	30,478	14,512	15,966	30,236	14,376	15,860	242	136	106	2.2450252	3,376
2020.3/4	강남구	대치1동	7,407	25,135	12,621	12,514	25,102	12,601	12,501	33	20	13	3.3889564	2,316
2020.3/4	강남구	대치4동	10,338	20,869	9,842	11,027	20,592	9,709	10,883	277	133	144	1.9918746	2,022
2020.3/4	강남구	역삼1동	24,143	37,116	17,965	19,151	36,168	17,540	18,628	948	425	523	1.4980740	3,644
2020.3/4	강남구	역삼2동	15,730	37,497	17,596	19,901	37,175	17,442	19,733	322	154	168	2.3633185	3,607
2020.3/4	강남구	도곡1동	8,662	22,361	10,599	11,762	22,212	10,518	11,694	149	81	68	2.5643039	2,883
2020.3/4	강남구	도곡2동	11,863	34,350	15,966	18,384	34,239	15,898	18,341	111	68	43	2.8862008	4,669
2020.3/4	강남구	개포1동	2,682	6,787	3,278	3,509	6,762	3,268	3,494	25	10	15	2.5212528	1,559
2020.3/4	강남구	개포4동	7,884	18,391	9,011	9,380	18,231	8,948	9,283	160	63	97	2.3124049	2,443
2020.3/4	강남구	일원본동	8,152	24,086	11,862	12,224	24,053	11,844	12,209	33	18	15	2.9505643	2,810
2020.3/4	강남구	일원1동	7,482	16,044	7,855	8,189	15,886	7,798	8,088	158	57	101	2.1232291	3,142
2020.3/4	강남구	일원2동	7,389	17,926	8,665	9,261	17,854	8,643	9,211	72	22	50	2.4162945	3,155
2020.3/4	강남구	수서동	7,872	15,517	7,058	8,459	15,446	7,039	8,407	71	19	52	1.9621443	4,323
2020.3/4	강남구	세곡동	17,980	44,877	21,340	23,537	44,686	21,260	23,426	191	80	111	2.4853170	6,330
2020.3/4	강남구	압구정동	10,688	27,611	12,730	14,881	27,443	12,638	14,805	168	92	76	2.5676460	5,047
2020.3/4	강남구	청담동	11,846	27,364	12,813	14,551	27,127	12,690	14,437	237	123	114	2.2899713	3,802
2020.3/4	강남구	대치2동	13,079	38,193	19,427	18,766	38,053	19,341	18,712	140	86	54	2.9094732	4,588
2020.3/4	강남구	개포2동	8,089	22,471	10,856	11,615	22,405	10,820	11,585	66	36	30	2.7698109	3,094
2020.3/4	송파구	소계	281,417	676,673	326,602	350,071	670,331	323,646	346,685	6,342	2,956	3,386	2.3819847	92,149
2020.3/4	송파구	풍납1동	6,459	14,914	7,354	7,560	14,145	6,975	7,170	769	379	390	2.1899675	2,787
2020.3/4	송파구	풍납2동	11,132	25,880	12,301	13,579	25,696	12,216	13,480	184	85	99	2.3083004	3,629
2020.3/4	송파구	거여1동	5,624	13,108	6,668	6,440	13,003	6,629	6,374	105	39	66	2.3120555	2,285
2020.3/4	송파구	거여2동	8,147	19,218	9,433	9,785	19,133	9,402	9,731	85	31	54	2.3484718	3,408
2020.3/4	송파구	마천1동	9,010	20,159	10,267	9,892	19,966	10,191	9,775	193	76	117	2.2159822	4,116
2020.3/4	송파구	마천2동	8,858	19,882	10,092	9,790	19,713	10,019	9,694	169	73	96	2.2254459	4,015
2020.3/4	송파구	방이1동	6,311	16,344	7,871	8,473	16,233	7,817	8,416	111	54	57	2.5721756	2,095
2020.3/4	송파구	방이2동	14,408	26,655	12,567	14,088	26,129	12,328	13,801	526	239	287	1.8135064	3,417
2020.3/4	송파구	오륜동	5,961	18,624	9,174	9,450	18,613	9,169	9,444	11	5	6	3.1224627	2,563
2020.3/4	송파구	오금동	15,858	40,394	19,585	20,809	40,220	19,503	20,717	174	82	92	2.5362593	6,046
2020.3/4	송파구	송파1동	12,434	25,452	11,972	13,480	25,044	11,759	13,285	408	213	195	2.0141547	3,362
2020.3/4	송파구	송파2동	7,599	20,842	10,021	10,821	20,683	9,942	10,741	159	79	80	2.7218055	2,847
2020.3/4	송파구	석촌동	17,120	33,582	15,997	17,585	32,897	15,673	17,224	685	324	361	1.9215537	4,380
2020.3/4	송파구	삼전동	16,309	32,017	15,125	16,892	31,627	14,964	16,663	390	161	229	1.9392360	3,866
2020.3/4	송파구	가락본동	11,952	27,491	13,613	13,878	27,152	13,454	13,698	339	159	180	2.2717537	3,586
2020.3/4	송파구	가락1동	9,927	27,977	13,579	14,398	27,898	13,549	14,349	79	30	49	2.8103153	2,969
2020.3/4	송파구	가락2동	12,343	33,258	16,336	16,922	33,057	16,246	16,811	201	90	111	2.6781982	4,012
2020.3/4	송파구	문정1동	8,570	21,043	10,364	10,679	20,851	10,279	10,572	192	85	107	2.4330222	2,881
2020.3/4	송파구	문정2동	15,543	29,736	13,759	15,977	29,570	13,694	15,876	166	65	101	1.9024641	3,792
2020.3/4	송파구	잠실본동	15,464	29,378	13,856	15,522	28,811	13,599	15,212	567	257	310	1.8631014	3,660
2020.3/4	송파구	잠실4동	7,447	21,948	10,583	11,365	21,867	10,546	11,321	81	37	44	2.9363502	2,672
2020.3/4	송파구	잠실6동	5,964	17,392	8,254	9,138	17,199	8,143	9,056	193	111	82	2.8838028	2,726
2020.3/4	송파구	잠실7동	3,467	10,006	4,662	5,344	9,991	4,654	5,337	15	8	7	2.8817421	2,090
2020.3/4	송파구	잠실2동	11,954	36,514	17,472	19,042	36,412	17,413	18,999	102	59	43	3.0460097	3,414
2020.3/4	송파구	잠실3동	12,158	35,636	16,970	18,666	35,444	16,872	18,572	192	98	94	2.9152821	5,356
2020.3/4	송파구	장지동	12,185	30,692	14,848	15,844	30,508	14,750	15,758	184	98	86	2.5037341	4,111
2020.3/4	송파구	위례동	9,213	28,531	13,879	14,652	28,469	13,860	14,609	62	19	43	3.0900901	2,064
2020.3/4	강동구	소계	194,602	462,275	227,346	234,929	458,058	225,396	232,662	4,217	1,950	2,267	2.3538196	68,798
2020.3/4	강동구	강일동	11,566	32,421	15,672	16,749	32,278	15,603	16,675	143	69	74	2.7907660	4,757
2020.3/4	강동구	상일동	11,524	33,151	16,333	16,818	33,026	16,276	16,750	125	57	68	2.8658452	3,569
2020.3/4	강동구	명일1동	10,136	26,572	12,958	13,614	26,481	12,924	13,557	91	34	57	2.6125691	3,812
2020.3/4	강동구	명일2동	6,022	17,479	8,618	8,861	17,432	8,598	8,834	47	20	27	2.8947194	2,409
2020.3/4	강동구	고덕1동	8,895	26,423	13,429	12,994	26,306	13,353	12,953	117	76	41	2.9573918	2,770
2020.3/4	강동구	고덕2동	8,422	21,906	11,088	10,818	21,793	11,029	10,764	113	59	54	2.5876276	2,696
2020.3/4	강동구	암사2동	6,355	15,556	7,536	8,020	15,494	7,512	7,982	62	24	38	2.4380803	2,311
2020.3/4	강동구	암사3동	6,359	18,402	9,003	9,399	18,347	8,978	9,369	55	25	30	2.8852021	2,484
2020.3/4	강동구	천호1동	12,919	27,899	13,708	14,191	27,613	13,605	14,008	286	103	183	2.1373945	4,987
2020.3/4	강동구	천호3동	13,891	27,269	13,349	13,920	26,756	13,093	13,663	513	256	257	1.9261392	4,538
2020.3/4	강동구	성내1동	8,213	20,430	9,902	10,528	20,299	9,850	10,449	131	52	79	2.4715695	2,941
2020.3/4	강동구	성내2동	12,817	24,936	12,249	12,687	24,217	11,879	12,338	719	370	349	1.8894437	4,176
2020.3/4	강동구	성내3동	10,556	23,729	11,655	12,074	23,450	11,541	11,909	279	114	165	2.2214854	3,659
2020.3/4	강동구	둔촌1동	160	272	128	144	259	123	136	13	5	8	1.61875	97
2020.3/4	강동구	둔촌2동	11,188	27,085	13,324	13,761	26,948	13,260	13,688	137	64	73	2.4086521	4,162
2020.3/4	강동구	암사1동	16,209	36,060	17,831	18,229	35,744	17,704	18,040	316	127	189	2.2051946	5,889
2020.3/4	강동구	천호2동	17,899	35,688	17,640	18,048	34,943	17,263	17,680	745	377	368	1.9522320	5,954
2020.3/4	강동구	길동	21,471	46,997	22,923	24,074	46,672	22,805	23,867	325	118	207	2.1737227	7,587